Y	X1	X2	X3	X4	X5	X6	X7	X8	X9	X10	X11	X12	X13	X14	X15	X16	X17	X18	X19	X20	X21	X22	X23	X24	X25	X26	X27	X28	X29	X30	X31	X32	X33	X34	X35	X36	X37	X38	X39	X40	X41	X42	X43	X44	X45	X46	X47	X48
0	947,78	1,55	153,96	325,24	41,41	4,58	17023,34	223,18	81,60	276,32	0,00	1,43	0,24	2,88	1,11	0,90	0,93	0,96	1110,83	0,99	0,06	12,52	34,80	1,09	1,07	1,15	8061,78	3,46	14,57	168,21	23188,39	3398,96	8772,20	4,04	7,14	2,53	22,18	7,35	329,03	3,96	22,10	7,46	-0,01	-0,08	-0,04	15,51	1,51	3,97
-5,4	945,73	1,51	153,62	325,21	41,41	4,58	16917,40	219,21	79,85	271,79	0,00	1,44	0,24	2,88	1,10	0,89	0,94	0,97	1100,16	1,00	0,06	12,39	34,70	1,07	1,07	1,14	7977,06	3,44	14,56	168,07	22994,30	3397,45	8651,58	4,06	7,19	2,54	22,04	7,23	319,25	3,99	21,92	7,30	-0,01	-0,08	-0,04	15,27	1,47	3,92
-5,3	945,61	1,51	153,63	325,26	41,41	4,58	16886,51	221,55	80,65	270,62	0,00	1,44	0,24	2,88	1,11	0,89	0,93	0,97	1098,86	0,99	0,06	12,49	34,70	1,09	1,07	1,15	7984,57	3,46	14,51	168,12	23012,22	3397,65	8664,09	3,98	7,03	2,52	21,85	7,24	323,21	3,86	21,51	7,26	-0,01	-0,07	-0,04	15,19	1,47	3,94
-4,7	944,56	1,51	153,67	325,14	41,46	4,60	16864,41	219,88	80,16	269,71	0,00	1,44	0,24	2,88	1,10	0,89	0,94	0,97	1095,84	1,00	0,06	12,37	34,76	1,08	1,06	1,13	7967,76	3,45	14,56	168,11	22960,05	3395,50	8645,66	4,02	7,13	2,53	21,95	7,24	321,38	3,89	21,44	7,18	0,00	-0,07	-0,04	15,16	1,48	3,92
-4,7	944,47	1,51	153,67	325,12	41,45	4,60	16858,48	219,94	80,32	269,76	0,00	1,44	0,24	2,88	1,10	0,89	0,94	0,97	1095,33	1,00	0,06	12,36	34,76	1,08	1,06	1,13	7965,66	3,45	14,56	168,11	22957,11	3395,45	8644,19	4,02	7,12	2,53	21,93	7,24	322,21	3,88	21,43	7,21	0,00	-0,03	-0,02	15,12	1,47	3,91
-4,6	945,14	1,53	153,76	325,22	41,41	4,58	16949,95	221,20	80,59	275,29	0,00	1,44	0,24	2,88	1,11	0,89	0,93	0,96	1104,13	0,99	0,06	12,41	34,69	1,09	1,08	1,15	8004,89	3,46	14,53	168,16	23071,82	3400,46	8694,81	4,06	7,18	2,54	22,10	7,27	323,01	3,98	22,04	7,39	-0,01	-0,07	-0,04	15,36	1,47	3,92
-4,5	948,40	1,54	154,00	324,75	41,42	4,58	16903,98	223,14	81,65	271,76	0,00	1,44	0,24	2,88	1,11	0,90	0,92	0,96	1100,58	0,99	0,06	12,51	34,83	1,10	1,05	1,15	8023,08	3,47	14,56	167,98	23099,54	3392,23	8731,50	3,91	6,94	2,51	21,85	7,31	329,11	3,79	21,58	7,37	0,00	-0,04	-0,03	15,24	1,51	3,97
-4,1	943,81	1,52	153,82	325,12	41,46	4,60	16884,12	221,54	80,73	272,96	0,00	1,44	0,24	2,88	1,11	0,89	0,93	0,96	1098,62	1,00	0,06	12,39	34,75	1,10	1,07	1,15	7986,81	3,46	14,54	168,20	23022,28	3399,05	8677,17	4,02	7,11	2,53	21,98	7,27	324,07	3,87	21,53	7,27	0,00	-0,04	-0,02	15,18	1,47	3,91
-3,9	945,76	1,51	153,62	325,21	41,41	4,58	16918,73	219,19	79,84	271,93	0,00	1,44	0,24	2,88	1,10	0,89	0,94	0,97	1100,48	1,00	0,06	12,39	34,70	1,07	1,07	1,14	7978,07	3,44	14,56	168,07	22997,69	3397,42	8656,10	4,06	7,19	2,54	22,04	7,23	319,44	3,99	21,93	7,31	-0,01	-0,08	-0,04	15,28	1,47	3,92
-3,9	944,46	1,56	154,30	312,78	41,70	4,59	16940,05	223,14	82,50	276,90	0,00	1,44	0,25	2,89	1,11	0,91	0,92	0,96	1107,89	0,99	0,07	12,58	34,89	1,11	1,06	1,15	8044,40	3,47	14,63	168,62	23127,18	3375,89	8773,99	3,95	6,88	2,45	22,00	7,35	331,98	3,87	21,94	7,48	-0,01	-0,07	-0,04	15,33	1,46	3,91
-3,6	945,09	1,53	153,76	325,21	41,41	4,58	16943,88	220,99	80,47	275,25	0,00	1,44	0,24	2,88	1,11	0,89	0,93	0,96	1103,55	0,99	0,06	12,41	34,69	1,09	1,08	1,15	7999,67	3,46	14,54	168,16	23061,79	3400,63	8689,40	4,06	7,18	2,54	22,09	7,26	321,99	3,98	22,03	7,38	-0,01	-0,07	-0,04	15,33	1,47	3,92
-3,6	944,60	1,56	154,31	317,84	41,70	4,59	16944,57	223,14	82,62	276,88	0,00	1,44	0,25	2,89	1,11	0,91	0,92	0,96	1108,04	0,99	0,07	12,59	34,89	1,11	1,06	1,15	8044,93	3,47	14,63	168,63	23129,68	3379,44	8774,03	3,97	6,91	2,47	22,02	7,35	332,39	3,89	21,96	7,48	-0,01	-0,07	-0,04	15,35	1,47	3,92
-3,4	945,96	1,55	153,97	324,77	41,44	4,59	16943,87	220,66	81,14	273,67	0,00	1,44	0,24	2,88	1,10	0,90	0,94	0,97	1103,78	0,99	0,07	12,55	34,83	1,09	1,06	1,14	8020,03	3,46	14,58	168,32	23065,52	3379,04	8728,74	4,00	7,08	2,51	22,00	7,29	326,27	3,93	21,89	7,38	-0,01	-0,08	-0,04	15,35	1,49	3,94
-3,2	944,45	1,56	154,29	307,59	41,72	4,59	16940,00	223,14	82,31	276,89	0,00	1,44	0,25	2,89	1,11	0,91	0,92	0,96	1107,84	0,99	0,07	12,57	34,88	1,11	1,06	1,16	8044,58	3,47	14,63	168,61	23126,05	3371,85	8773,86	3,95	6,90	2,44	22,01	7,35	331,47	3,87	21,96	7,48	-0,01	-0,08	-0,04	15,33	1,46	3,90
-3,1	945,22	1,54	154,16	317,84	41,70	4,59	16919,51	221,50	82,00	273,42	0,00	1,44	0,25	2,89	1,10	0,90	0,93	0,97	1104,78	0,99	0,07	12,55	34,90	1,09	1,05	1,14	8023,23	3,45	14,66	168,54	23065,97	3376,77	8736,07	3,97	6,92	2,47	21,96	7,32	329,66	3,89	21,84	7,41	-0,01	-0,08	-0,04	15,30	1,47	3,92
-2,9	949,97	1,57	154,25	325,27	41,41	4,58	17072,81	225,17	82,11	276,23	0,00	1,43	0,25	2,88	1,10	0,91	0,93	0,96	1116,66	0,99	0,06	12,69	34,92	1,09	1,05	1,15	8098,06	3,45	14,65	168,34	23270,93	3394,72	8827,33	4,02	7,13	2,53	22,24	7,40	333,27	3,94	22,14	7,52	-0,01	-0,08	-0,04	15,61	1,52	4,00
-2,8	945,11	1,54	154,15	312,78	41,70	4,59	16913,54	221,52	81,95	273,31	0,00	1,44	0,25	2,89	1,10	0,90	0,93	0,97	1104,46	0,99	0,07	12,55	34,90	1,09	1,05	1,14	8022,03	3,45	14,65	168,53	23060,76	3372,73	8736,93	3,95	6,90	2,45	21,94	7,32	329,58	3,88	21,82	7,41	-0,01	-0,08	-0,04	15,27	1,46	3,91
-2,6	945,11	1,53	153,76	325,21	41,41	4,58	16946,59	221,11	80,55	275,28	0,00	1,44	0,24	2,88	1,11	0,89	0,93	0,96	1103,62	0,99	0,06	12,41	34,69	1,09	1,08	1,15	8001,50	3,46	14,53	168,16	23064,50	3400,59	8690,96	4,06	7,19	2,54	22,10	7,27	322,22	3,98	22,04	7,39	-0,01	-0,07	-0,04	15,35	1,48	3,92
-2,6	945,72	1,49	153,42	325,21	41,41	4,61	16922,41	219,32	80,11	271,90	0,00	1,44	0,24	2,88	1,10	0,89	0,94	0,97	1098,77	1,00	0,06	12,30	34,69	1,08	1,06	1,14	7980,80	3,45	14,50	167,86	22979,05	3399,69	8641,76	4,06	7,18	2,54	22,04	7,22	318,68	3,98	21,92	7,31	-0,01	-0,08	-0,04	15,30	1,49	3,92
-2,5	948,72	1,56	153,85	337,09	41,16	4,58	17025,23	222,93	81,25	275,99	-0,01	1,43	0,24	2,88	1,11	0,90	0,93	0,96	1109,86	0,99	0,06	12,55	34,79	1,09	1,08	1,14	8056,30	3,46	14,53	167,95	23182,45	3400,53	8766,16	4,02	7,11	2,54	22,09	7,32	328,70	3,95	22,18	7,52	-0,01	-0,08	-0,04	15,51	1,51	3,97
-2,4	943,91	1,52	153,82	325,14	41,46	4,60	16889,13	221,51	80,63	272,93	0,00	1,44	0,24	2,88	1,11	0,89	0,93	0,96	1099,02	1,00	0,06	12,39	34,75	1,10	1,07	1,15	7988,44	3,46	14,54	168,20	23024,39	3399,05	8678,26	4,02	7,12	2,53	22,00	7,27	323,47	3,89	21,54	7,24	0,00	-0,07	-0,04	15,21	1,48	3,92
-2,4	945,31	1,57	154,12	324,77	41,44	4,59	16969,16	222,31	81,64	277,12	0,00	1,44	0,24	2,88	1,12	0,90	0,92	0,96	1107,07	0,99	0,07	12,58	34,82	1,10	1,07	1,16	8041,43	3,47	14,56	168,42	23131,48	3382,53	8763,12	4,00	7,07	2,50	22,04	7,32	328,56	3,93	21,99	7,45	-0,01	-0,07	-0,04	15,40	1,49	3,94
-2,2	945,11	1,54	154,15	307,59	41,71	4,59	16913,49	221,54	81,88	273,39	0,00	1,44	0,25	2,89	1,10	0,90	0,93	0,97	1104,35	0,99	0,07	12,55	34,89	1,09	1,04	1,14	8022,43	3,45	14,65	168,52	23058,40	3368,14	8739,44	3,95	6,91	2,44	21,95	7,32	329,49	3,88	21,86	7,42	-0,01	-0,07	-0,04	15,27	1,46	3,90
-2	949,64	1,54	153,72	325,61	41,38	4,58	17053,12	222,78	81,22	274,42	0,00	1,43	0,24	2,88	1,10	0,90	0,94	0,97	1110,83	0,99	0,06	12,46	34,75	1,08	1,06	1,14	8061,98	3,45	14,56	168,13	23204,20	3410,95	8761,18	4,15	7,51	2,60	22,46	7,37	327,01	4,06	22,33	7,47	-0,01	-0,07	-0,04	15,57	1,51	4,00
-1,8	945,12	1,53	153,76	325,21	41,41	4,58	16944,89	220,99	80,47	275,28	0,00	1,44	0,24	2,88	1,11	0,90	0,93	0,96	1103,78	0,99	0,06	12,42	34,69	1,09	1,08	1,15	8000,41	3,46	14,54	168,16	23064,00	3400,66	8692,50	4,06	7,18	2,54	22,10	7,26	322,12	3,98	22,04	7,39	-0,01	-0,07	-0,04	15,34	1,47	3,92
-1,6	943,10	1,56	154,24	307,59	41,48	4,59	16914,74	222,75	82,30	275,62	0,00	1,44	0,25	2,89	1,10	0,91	0,93	0,96	1104,33	0,99	0,07	12,54	34,87	1,09	1,06	1,14	8029,09	3,46	14,63	168,65	23059,58	3355,06	8759,69	3,94	7,48	2,44	21,96	7,34	331,60	3,87	21,92	7,47	-0,01	-0,08	-0,04	15,28	1,45	3,87
-1,5	948,42	1,54	153,81	325,24	41,41	4,58	16998,61	221,58	81,10	273,17	0,00	1,43	0,25	2,88	1,09	0,90	0,94	0,97	1107,69	0,99	0,06	12,50	34,81	1,08	1,05	1,13	8041,19	3,45	14,59	168,12	23125,09	3395,63	8739,02	4,04	7,15	2,54	22,13	7,32	326,87	3,96	22,00	7,40	-0,01	-0,08	-0,04	15,46	1,51	3,97
-1,5	949,45	1,57	153,81	325,28	41,37	4,57	17108,53	222,81	82,23	279,68	0,00	1,43	0,24	2,88	1,11	0,90	0,93	0,96	1116,75	0,99	0,06	12,50	34,71	1,09	1,07	1,14	8099,88	3,47	14,52	168,10	23268,41	3402,69	8816,47	4,06	7,20	2,54	22,29	7,38	330,88	4,03	22,62	7,68	-0,01	-0,05	-0,02	15,71	1,52	4,00
-1,4	947,20	1,55	153,88	325,24	41,41	4,59	16997,02	221,70	81,18	275,17	0,00	1,44	0,24	2,88	1,11	0,90	0,93	0,97	1106,90	0,99	0,06	12,51	34,77	1,09	1,06	1,15	8039,90	3,46	14,55	168,34	23146,00	3396,51	8749,67	4,07	7,22	2,55	22,28	7,34	325,71	3,99	22,19	7,45	-0,01	-0,08	-0,04	15,45	1,49	3,97
-1,2	949,03	1,55	153,87	325,83	41,38	4,58	17079,77	224,41	81,74	277,87	0,00	1,43	0,24	2,88	1,11	0,90	0,93	0,96	1114,32	0,99	0,06	12,49	34,75	1,09	1,07	1,15	8084,33	3,46	14,54	168,22	23272,24	3416,36	8796,85	4,14	7,40	2,60	22,50	7,40	329,33	4,05	22,41	7,53	-0,01	-0,08	-0,04	15,63	1,51	4,01
-1,2	948,93	1,56	153,91	325,29	41,36	4,57	17084,28	222,89	81,74	278,71	0,00	1,43	0,25	2,88	1,11	0,90	0,93	0,96	1115,88	0,99	0,06	12,56	34,73	1,08	1,07	1,15	8078,49	3,46	14,57	168,17	23230,71	3400,46	8796,39	4,08	7,25	2,54	22,29	7,36	329,22	4,08	22,70	7,65	0,00	-0,07	-0,04	15,67	1,51	3,97
-1,1	949,72	1,54	153,90	325,12	41,39	4,58	16985,74	222,56	81,41	274,21	0,00	1,43	0,24	2,88	1,10	0,90	0,93	0,97	1104,92	0,99	0,06	12,39	34,78	1,08	1,05	1,15	8040,04	3,45	14,58	167,94	23165,15	3407,69	8748,74	4,09	7,29	2,58	22,28	7,34	327,95	3,99	22,15	7,47	0,00	-0,07	-0,04	15,42	1,51	3,97
-1	945,89	1,57	153,97	325,86	41,45	4,60	17094,79	223,54	81,42	279,25	0,00	1,43	0,25	2,88	1,11	0,90	0,93	0,96	1117,88	0,99	0,06	12,51	34,83	1,09	1,07	1,14	8089,34	3,46	14,59	168,48	23245,47	3404,72	8795,99	4,13	7,27	2,55	22,44	7,39	328,76	4,03	22,19	7,44	-0,01	-0,06	-0,03	15,68	1,51	3,97
-0,6	949,53	1,54	153,95	324,80	41,38	4,57	16959,58	222,86	81,76	273,80	0,00	1,44	0,24	2,88	1,11	0,90	0,92	0,96	1104,92	0,99	0,06	12,54	34,77	1,09	1,06	1,16	8037,78	3,46	14,56	167,95	23138,16	3393,83	8751,42	3,95	7,01	2,52	21,95	7,31	329,24	3,89	22,02	7,49	-0,01	-0,09	-0,05	15,38	1,51	3,97
-0,4	948,43	1,52	153,72	337,69	41,54	4,57	16943,23	221,80	80,77	272,34	0,00	1,44	0,24	2,88	1,10	0,90	0,93	0,97	1101,37	0,99	0,06	12,41	34,71	1,08	1,05	1,17	8013,49	3,46	14,52	167,93	23107,79	3413,54	8708,04	4,02	7,18	2,57	22,05	7,30	326,36	3,91	21,79	7,36	0,00	-0,05	-0,03	15,33	1,51	3,97
-0,2	947,52	1,52	153,66	325,62	41,38	4,61	17055,79	222,08	81,29	276,92	0,00	1,44	0,24	2,88	1,11	0,89	0,93	0,96	1112,69	0,99	0,06	12,40	34,71	1,09	1,07	1,16	8058,80	3,47	14,49	167,96	23227,45	3409,47	8779,07	4,06	7,18	2,54	22,20	7,33	326,15	3,99	22,29	7,53	-0,01	-0,07	-0,03	15,51	1,49	4,00
-0,12	946,07	1,56	154,17	324,82	41,43	4,59	16997,12	223,53	81,87	277,96	0,00	1,44	0,25	2,88	1,11	0,90	0,92	0,95	1110,83	0,99	0,07	12,58	34,83	1,10	1,07	1,15	8061,61	3,47	14,58	168,28	23174,57	3387,00	8781,05	3,94	6,93	2,48	21,96	7,34	330,35	3,87	21,93	7,46	-0,01	-0,08	-0,04	15,46	1,51	3,95
0	946,06	1,54	154,10	325,16	41,45	4,60	16935,42	223,53	81,16	272,86	0,00	1,44	0,24	2,88	1,11	0,91	0,93	0,96	1104,73	0,99	0,06	12,55	34,88	1,09	1,06	1,15	8024,06	3,45	14,62	168,32	23107,25	3394,46	8731,98	4,00	7,08	2,53	22,05	7,32	327,74	3,85	21,57	7,31	0,00	-0,04	-0,02	15,29	1,49	3,94
0	949,12	1,59	154,15	312,98	41,24	4,59	17069,27	224,14	82,51	278,36	0,00	1,43	0,25	2,88	1,10	0,91	0,93	0,96	1114,82	0,99	0,06	12,50	34,87	1,09	1,07	1,12	8092,65	3,45	14,63	168,22	23252,29	3392,93	8819,97	4,08	7,20	2,54	22,39	7,41	331,97	4,01	22,47	7,62	-0,01	-0,08	-0,04	15,62	1,51	3,97
0,3	948,28	1,56	153,87	325,24	41,41	4,58	17048,89	223,14	82,00	277,50	0,00	1,44	0,24	2,88	1,11	0,90	0,93	0,96	1111,77	0,99	0,06	12,46	34,78	1,10	1,06	1,14	8082,97	3,48	14,53	168,13	23226,17	3401,53	8790,64	4,03	7,14	2,53	22,20	7,37	330,45	3,95	22,12	7,48	-0,01	-0,08	-0,04	15,57	1,52	4,00
0,5	949,31	1,58	154,40	325,27	41,41	4,58	17101,06	226,64	82,64	279,71	0,00	1,43	0,25	2,88	1,11	0,91	0,91	0,95	1120,49	0,99	0,06	12,71	34,92	1,10	1,07	1,16	8122,30	3,46	14,63	168,43	23339,95	3398,07	8868,05	4,01	7,08	2,53	22,31	7,44	335,87	3,93	22,27	7,59	-0,01	-0,08	-0,04	15,68	1,52	4,00
0,7	947,75	1,57	154,26	310,23	41,26	4,60	16978,35	224,78	82,64	275,58	-0,01	1,44	0,25	2,88	1,11	0,91	0,92	0,96	1109,87	0,99	0,07	12,62	34,92	1,11	1,07	1,13	8073,19	3,47	14,61	168,27	23178,75	3374,17	8799,75	3,90	6,84	2,47	21,94	7,36	332,88	3,81	21,84	7,48	0,00	-0,07	-0,04	15,39	1,51	3,97
																																																
																																																
																																																
																																																
																																																
																																																
																																																
																																																
																																																
																																																
																																																
																																																
																																																
																																																
																																																
																																																
																																																
																																																
																																																
																																																
																																																
																																																
																																																
																																																
																																																
																																																
																																																
																																																
																																																
																																																
																																																
																																																
																																																
																																																
																																																
																																																
																																																
																																																
																																																
																																																
																																																
																																																
																																																
																																																
																																																
																																																
																																																
																																																
																																																
																																																
																																																
																																																
																																																
																																																
																																																
																																																
																																																
																																																
																																																
																																																
																																																
																																																
																																																
																																																
																																																
																																																
																																																
																																																
																																																
																																																
																																																
																																																
																																																
																																																
																																																
																																																
																																																
																																																
																																																
																																																
																																																
																																																
																																																
																																																
																																																
																																																
																																																
																																																
																																																
																																																
																																																
																																																
																																																
																																																
																																																
																																																
																																																
																																																
																																																
																																																
																																																
																																																
																																																
																																																
																																																
																																																
																																																
																																																
																																																
																																																
																																																
																																																
																																																
																																																
																																																
																																																
																																																
																																																
																																																
																																																
																																																
																																																
																																																
																																																
																																																
																																																
																																																
																																																
																																																
																																																
																																																
																																																
																																																
																																																
																																																
																																																
																																																
																																																
																																																
																																																
																																																
																																																
																																																
																																																
																																																
																																																
																																																
																																																
																																																
																																																
																																																
																																																
																																																
																																																
																																																
																																																
																																																
																																																
																																																
																																																
																																																
																																																
																																																
																																																
																																																
																																																
																																																
																																																
																																																
																																																
																																																
																																																
																																																
																																																
																																																
																																																
																																																
																																																
																																																
																																																
																																																
																																																
																																																
																																																
																																																
																																																
																																																
																																																
																																																
																																																
																																																
																																																
																																																
																																																
																																																
																																																
																																																
																																																
																																																
																																																
																																																
																																																
																																																
																																																
																																																
																																																
																																																
																																																
																																																
																																																
																																																
																																																
																																																
																																																
																																																
																																																
																																																
																																																
																																																
																																																
																																																
																																																
																																																
																																																
																																																
																																																
																																																
																																																
																																																
																																																
																																																
																																																
																																																
																																																
																																																
																																																
																																																
																																																
																																																
																																																
																																																
																																																
																																																
																																																
																																																
																																																
																																																
																																																
																																																
																																																
																																																
																																																
																																																
																																																
																																																
																																																
																																																
																																																
																																																
																																																
																																																
																																																
																																																
																																																
																																																
																																																
																																																
																																																
																																																
																																																
																																																
																																																
																																																
																																																
																																																
																																																
																																																
																																																
																																																
																																																
																																																
																																																
																																																
																																																
																																																
																																																
																																																
																																																
																																																
																																																
																																																
																																																
																																																
																																																
																																																
																																																
																																																
																																																
																																																
																																																
																																																
																																																
																																																
																																																
																																																
																																																
																																																
																																																
																																																
																																																
																																																
																																																
																																																
																																																
																																																
																																																
																																																
																																																
																																																
																																																
																																																
																																																
																																																
																																																
																																																
																																																
																																																
																																																
																																																
																																																
																																																
																																																
																																																
																																																
																																																
																																																
																																																
																																																
																																																
																																																
																																																
																																																
																																																
																																																
																																																
																																																
																																																
																																																
																																																
																																																
																																																
																																																
																																																
																																																
																																																
																																																
																																																
																																																
																																																
																																																
																																																
																																																
																																																
																																																
																																																
																																																
																																																
																																																
																																																
																																																
																																																
																																																
																																																
																																																
																																																
																																																
																																																
																																																
																																																
																																																
																																																
																																																
																																																
																																																
																																																
																																																
																																																
																																																
																																																
																																																
																																																
																																																
																																																
																																																
																																																
																																																
																																																
																																																
																																																
																																																
																																																
																																																
																																																
																																																
																																																
																																																
																																																
																																																
																																																
																																																
																																																
																																																
																																																
																																																
																																																
																																																
																																																
																																																
																																																
																																																
																																																
																																																
																																																
																																																
																																																
																																																
																																																
																																																
																																																
																																																
																																																
																																																
																																																
																																																
																																																
																																																
																																																
																																																
																																																
																																																
																																																
																																																
																																																
																																																
																																																
																																																
																																																
																																																
																																																
																																																
																																																
																																																
																																																
																																																
																																																
																																																
																																																
																																																
																																																
																																																
																																																
																																																
																																																
																																																
																																																
																																																
																																																
																																																
																																																
																																																
																																																
																																																
																																																
																																																
																																																
																																																
																																																
																																																
																																																
																																																
																																																
																																																
																																																
																																																
																																																
																																																
																																																
																																																
																																																
																																																
																																																
																																																
																																																
																																																
																																																
																																																
																																																
																																																
																																																
																																																
																																																
																																																
																																																
																																																
																																																
																																																
																																																
																																																
																																																
																																																
																																																
																																																
																																																
																																																
																																																
																																																
																																																
																																																
																																																
																																																
																																																
																																																
																																																
																																																
																																																
																																																
																																																
																																																
																																																
																																																
																																																
																																																
																																																
																																																
																																																
																																																
																																																
																																																
																																																
																																																
																																																
																																																
																																																
																																																
																																																
																																																
																																																
																																																
																																																
																																																
																																																
																																																
																																																
																																																
																																																
																																																
																																																
																																																
																																																
																																																
																																																
																																																
																																																
																																																
																																																
																																																
																																																
																																																
																																																
																																																
																																																
																																																
																																																
																																																
																																																
																																																
																																																
																																																
																																																
																																																
																																																
																																																
																																																
																																																
																																																
																																																
																																																
																																																
																																																
																																																
																																																
																																																
																																																
																																																
																																																
																																																
																																																
																																																
																																																
																																																
																																																
																																																
																																																
																																																
																																																
																																																
																																																
																																																
																																																
																																																
																																																
																																																
																																																
																																																
																																																
																																																
																																																
																																																
																																																
																																																
																																																
																																																
																																																
																																																
																																																
																																																
																																																
																																																
																																																
																																																
																																																
																																																
																																																
																																																
																																																
																																																
																																																
																																																
																																																
																																																
																																																
																																																
																																																
																																																
																																																
																																																
																																																
																																																
																																																
																																																
																																																
																																																
																																																
																																																
																																																
																																																
																																																
																																																
																																																
																																																
																																																
																																																
																																																
																																																
																																																
																																																
																																																
																																																
																																																
																																																
																																																
																																																
																																																
																																																
																																																
																																																
																																																
																																																
																																																
																																																
																																																
																																																
																																																
																																																
																																																
																																																
																																																
																																																
																																																
																																																
																																																
																																																
																																																
																																																
																																																
																																																
																																																
																																																
																																																
																																																
																																																
																																																
																																																
																																																
																																																
																																																
																																																
																																																
																																																
																																																
																																																
																																																
																																																
																																																
																																																
																																																
																																																
																																																
																																																
																																																
																																																
																																																
																																																
																																																
																																																
																																																
																																																
																																																
																																																
																																																
																																																
																																																
																																																
																																																
																																																
																																																
																																																
																																																
																																																
																																																
																																																
																																																
																																																
																																																
																																																
																																																
																																																
																																																
																																																
																																																
																																																
																																																
																																																
																																																
																																																
																																																
																																																
																																																
																																																
																																																
																																																
																																																
																																																
																																																
																																																
																																																
																																																
																																																
																																																
																																																
																																																
																																																
																																																
																																																
																																																
																																																
																																																
																																																
																																																
																																																
																																																
																																																
																																																
																																																
																																																
																																																
																																																
																																																
																																																
																																																
																																																
																																																
																																																
																																																
																																																
																																																
																																																
																																																
																																																
																																																
																																																
																																																
																																																
																																																
																																																
																																																
																																																
																																																
																																																
																																																
																																																
																																																
																																																
																																																
																																																
																																																
																																																
																																																
																																																
																																																
																																																
																																																
																																																
																																																
																																																
																																																
																																																
																																																
																																																
																																																
																																																
																																																
																																																
																																																
																																																
																																																
																																																
																																																
																																																
																																																
																																																
																																																
																																																
																																																
																																																
																																																
																																																
																																																
																																																
																																																
																																																
																																																
																																																
																																																
																																																
																																																
																																																
																																																
																																																
																																																
																																																
																																																
																																																
																																																
																																																
																																																
																																																
																																																
																																																
																																																
																																																
																																																
																																																
																																																
																																																
																																																
																																																
																																																
																																																
																																																
																																																
																																																
																																																
																																																
																																																
																																																
																																																
																																																
																																																
																																																
																																																
																																																
																																																
																																																
																																																
																																																
																																																
																																																
																																																
																																																
																																																
																																																
																																																
																																																
																																																
																																																
																																																
																																																
																																																
																																																
																																																
																																																
																																																
																																																
																																																
																																																
																																																
																																																
																																																
																																																
																																																
																																																
																																																
																																																
																																																
																																																
																																																
																																																
																																																
																																																
																																																
																																																
																																																
																																																
																																																
																																																
																																																
																																																
																																																
																																																
																																																
																																																
																																																
																																																
																																																
																																																
																																																
																																																
																																																
																																																
																																																
																																																
																																																
																																																
																																																
